Data,Organisation unit,Value
sNSYazCOL8e,304811,50.0
T7ThgDxkBn0,508889,2.5
IeQMbigrLAk,303386,62.0
sNSYazCOL8e,201578,31.0
IeQMbigrLAk,100694,108.4
T7ThgDxkBn0,309309,2.4
T7ThgDxkBn0,501088,1.6
IeQMbigrLAk,405015,85.5
IeQMbigrLAk,507683,97.9
IeQMbigrLAk,107914,105.0
IeQMbigrLAk,107958,104.7
T7ThgDxkBn0,609027,1.4
sNSYazCOL8e,506486,50.0
T7ThgDxkBn0,107876,3.5
sNSYazCOL8e,201504,50.0
T7ThgDxkBn0,554994,2.8
sNSYazCOL8e,501067,31.0
T7ThgDxkBn0,104243,5.0
IeQMbigrLAk,201994,100.0
T7ThgDxkBn0,605880,2.3
dkH2pnlfHLY,408747,17043.0
dkH2pnlfHLY,303334,16174.0
T7ThgDxkBn0,405566,2.0
sNSYazCOL8e,508125,50.0
IeQMbigrLAk,201512,84.2
dkH2pnlfHLY,201975,2722.0
sNSYazCOL8e,400114,50.0
dkH2pnlfHLY,304879,12988.0
T7ThgDxkBn0,305670,1.9
T7ThgDxkBn0,303558,2.3
dkH2pnlfHLY,609018,8289.0
T7ThgDxkBn0,201915,2.5
dkH2pnlfHLY,207536,17472.0
sNSYazCOL8e,205165,33.6
sNSYazCOL8e,100409,80.0
sNSYazCOL8e,306864,31.0
dkH2pnlfHLY,040706,11580.0
dkH2pnlfHLY,552769,9745.0
sNSYazCOL8e,201547,45.9
dkH2pnlfHLY,609159,8772.0
dkH2pnlfHLY,305622,17616.0
sNSYazCOL8e,508844,31.0
IeQMbigrLAk,200395,39.0
sNSYazCOL8e,507605,31.0
IeQMbigrLAk,201537,77.2
IeQMbigrLAk,552747,49.4
IeQMbigrLAk,609032,46.9
T7ThgDxkBn0,100447,3.8
IeQMbigrLAk,404104,115.2
T7ThgDxkBn0,307256,3.6
IeQMbigrLAk,552721,58.9
dkH2pnlfHLY,552738,12540.0
IeQMbigrLAk,303915,115.9
T7ThgDxkBn0,107852,4.4
IeQMbigrLAk,204643,112.4
IeQMbigrLAk,552777,90.7
dkH2pnlfHLY,303591,14872.0
IeQMbigrLAk,557385,0.0
dkH2pnlfHLY,302962,16251.0
IeQMbigrLAk,201518,63.3
dkH2pnlfHLY,508153,10828.0
dkH2pnlfHLY,308273,19157.0
sNSYazCOL8e,404764,52.5
dkH2pnlfHLY,303907,10835.0
sNSYazCOL8e,405747,31.0
T7ThgDxkBn0,302956,1.2
sNSYazCOL8e,554906,33.6
IeQMbigrLAk,308229,78.4
dkH2pnlfHLY,309385,14448.0
T7ThgDxkBn0,309325,0.0
IeQMbigrLAk,306706,54.7
sNSYazCOL8e,309376,50.0
IeQMbigrLAk,553230,105.9
dkH2pnlfHLY,507018,10171.0
dkH2pnlfHLY,506485,8832.0
dkH2pnlfHLY,303336,25953.0
sNSYazCOL8e,308207,50.0
dkH2pnlfHLY,308229,14510.0
IeQMbigrLAk,557336,105.8
T7ThgDxkBn0,305994,2.0
T7ThgDxkBn0,207583,2.7
sNSYazCOL8e,202245,50.0
dkH2pnlfHLY,302984,11209.0
IeQMbigrLAk,205158,81.0
dkH2pnlfHLY,404190,11664.0
T7ThgDxkBn0,104284,3.5
T7ThgDxkBn0,507622,2.0
T7ThgDxkBn0,404442,2.0
T7ThgDxkBn0,555202,2.7
IeQMbigrLAk,201570,97.1
IeQMbigrLAk,100632,131.3
dkH2pnlfHLY,508827,0.0
T7ThgDxkBn0,609047,1.9
sNSYazCOL8e,304827,50.0
dkH2pnlfHLY,508182,12814.0
T7ThgDxkBn0,200395,3.9
dkH2pnlfHLY,201987,14045.0
IeQMbigrLAk,508182,70.2
IeQMbigrLAk,308937,78.9
IeQMbigrLAk,555202,59.1
IeQMbigrLAk,208407,44.9
IeQMbigrLAk,201987,76.8
T7ThgDxkBn0,552721,2.7
dkH2pnlfHLY,100632,16098.0
T7ThgDxkBn0,201358,2.2
sNSYazCOL8e,302918,50.0
sNSYazCOL8e,308665,50.0
T7ThgDxkBn0,557336,1.6
T7ThgDxkBn0,306706,4.6
sNSYazCOL8e,603626,28.4
sNSYazCOL8e,306863,31.0
sNSYazCOL8e,554952,50.0
sNSYazCOL8e,307283,50.0
IeQMbigrLAk,100603,49.4
IeQMbigrLAk,207583,56.8
T7ThgDxkBn0,508134,3.8
sNSYazCOL8e,603611,31.0
dkH2pnlfHLY,400138,14981.0
T7ThgDxkBn0,557315,1.6
T7ThgDxkBn0,303915,3.4
IeQMbigrLAk,400138,88.6
T7ThgDxkBn0,201994,3.8
sNSYazCOL8e,306852,50.0
dkH2pnlfHLY,201518,6923.0
IeQMbigrLAk,305670,54.5
dkH2pnlfHLY,304859,8259.0
IeQMbigrLAk,107876,75.9
IeQMbigrLAk,303334,88.7
dkH2pnlfHLY,201512,15372.0
T7ThgDxkBn0,107958,2.0
dkH2pnlfHLY,100694,19852.0
T7ThgDxkBn0,100694,3.8
dkH2pnlfHLY,200351,11367.0
IeQMbigrLAk,303558,127.6
T7ThgDxkBn0,609141,1.8
dkH2pnlfHLY,207507,9132.0
T7ThgDxkBn0,552747,2.4
dkH2pnlfHLY,404775,12041.0
IeQMbigrLAk,305622,88.5
dkH2pnlfHLY,308614,15437.0
IeQMbigrLAk,605880,73.4
T7ThgDxkBn0,305974,2.9
dkH2pnlfHLY,107857,27638.0
IeQMbigrLAk,304879,70.4
IeQMbigrLAk,609027,78.7
dkH2pnlfHLY,201537,14101.0
dkH2pnlfHLY,553282,10213.0
sNSYazCOL8e,202290,50.0
IeQMbigrLAk,303591,90.9
sNSYazCOL8e,107947,31.0
IeQMbigrLAk,306702,80.5
dkH2pnlfHLY,552747,9134.0
T7ThgDxkBn0,308937,2.9
sNSYazCOL8e,304876,31.0
sNSYazCOL8e,303985,54.1
T7ThgDxkBn0,201981,2.3
T7ThgDxkBn0,201570,2.3
T7ThgDxkBn0,303551,2.1
T7ThgDxkBn0,553230,1.6
dkH2pnlfHLY,201290,12478.0
T7ThgDxkBn0,100603,6.6
T7ThgDxkBn0,204680,2.5
dkH2pnlfHLY,557385,0.0
IeQMbigrLAk,609162,0.0
IeQMbigrLAk,557315,78.8
sNSYazCOL8e,208458,33.6
dkH2pnlfHLY,552721,9510.0
dkH2pnlfHLY,609032,5303.0
sNSYazCOL8e,208421,10.0
dkH2pnlfHLY,201994,9424.0
IeQMbigrLAk,554994,96.0
T7ThgDxkBn0,107976,4.1
dkH2pnlfHLY,303915,18656.0
sNSYazCOL8e,308636,31.0
sNSYazCOL8e,553267,50.0
IeQMbigrLAk,501088,72.4
dkH2pnlfHLY,207580,13749.0
sNSYazCOL8e,508131,52.6
IeQMbigrLAk,507622,107.3
T7ThgDxkBn0,207580,2.4
sNSYazCOL8e,503858,50.0
T7ThgDxkBn0,201967,0.0
sNSYazCOL8e,207510,50.0
sNSYazCOL8e,107855,38.6
dkH2pnlfHLY,401807,16873.0
dkH2pnlfHLY,100965,9311.0
T7ThgDxkBn0,501094,2.9
T7ThgDxkBn0,204643,1.9
IeQMbigrLAk,100965,82.8
IeQMbigrLAk,201981,100.5
IeQMbigrLAk,401807,149.2
T7ThgDxkBn0,609023,1.5
IeQMbigrLAk,207580,75.1
dkH2pnlfHLY,501040,15547.0
IeQMbigrLAk,305994,63.7
dkH2pnlfHLY,100485,9032.0
IeQMbigrLAk,303551,78.3
IeQMbigrLAk,201915,77.3
dkH2pnlfHLY,305994,10638.0
IeQMbigrLAk,100485,49.4
IeQMbigrLAk,400160,107.7
dkH2pnlfHLY,303551,14297.0
sNSYazCOL8e,553288,31.0
dkH2pnlfHLY,506915,7653.0
T7ThgDxkBn0,306702,4.0
dkH2pnlfHLY,405595,8606.0
IeQMbigrLAk,405595,76.4
sNSYazCOL8e,201263,31.0
sNSYazCOL8e,404769,50.0
dkH2pnlfHLY,201981,18360.0
dkH2pnlfHLY,400160,19934.0
T7ThgDxkBn0,555233,2.3
T7ThgDxkBn0,305944,2.7
T7ThgDxkBn0,201512,2.0
T7ThgDxkBn0,609162,0.0
T7ThgDxkBn0,201518,3.5
T7ThgDxkBn0,305622,2.4
dkH2pnlfHLY,405071,24898.0
sNSYazCOL8e,609029,50.0
IeQMbigrLAk,554908,62.2
IeQMbigrLAk,204680,64.6
T7ThgDxkBn0,609032,2.3
dkH2pnlfHLY,554908,8944.0
dkH2pnlfHLY,557704,14487.0
dkH2pnlfHLY,201915,8823.0
dkH2pnlfHLY,107976,16708.0
dkH2pnlfHLY,204680,9267.0
IeQMbigrLAk,107976,95.6
sNSYazCOL8e,302903,50.0
IeQMbigrLAk,557704,88.4
IeQMbigrLAk,201967,0.0
sNSYazCOL8e,508861,31.0
T7ThgDxkBn0,306768,4.2
IeQMbigrLAk,303961,77.2
dkH2pnlfHLY,605880,6154.0
dkH2pnlfHLY,508112,10045.0
dkH2pnlfHLY,201508,10861.0
dkH2pnlfHLY,107876,12908.0
IeQMbigrLAk,207507,76.3
dkH2pnlfHLY,552760,12634.0
IeQMbigrLAk,404138,112.6
sNSYazCOL8e,306181,53.8
sNSYazCOL8e,201936,50.1
dkH2pnlfHLY,554994,17518.0
sNSYazCOL8e,507616,50.0
dkH2pnlfHLY,302614,17605.0
dkH2pnlfHLY,200391,984.0
dkH2pnlfHLY,508867,9070.0
sNSYazCOL8e,508110,50.0
dkH2pnlfHLY,306124,17987.0
sNSYazCOL8e,205173,31.0
sNSYazCOL8e,501033,50.0
dkH2pnlfHLY,609027,14388.0
IeQMbigrLAk,107857,151.4
T7ThgDxkBn0,408747,4.9
dkH2pnlfHLY,508889,10404.0
sNSYazCOL8e,501027,50.0
IeQMbigrLAk,304859,57.6
sNSYazCOL8e,201233,31.0
dkH2pnlfHLY,404740,11819.0
sNSYazCOL8e,202249,50.0
dkH2pnlfHLY,305670,9952.0
T7ThgDxkBn0,305678,3.2
dkH2pnlfHLY,306702,14128.0
T7ThgDxkBn0,508811,1.1
IeQMbigrLAk,201931,81.9
T7ThgDxkBn0,100485,2.4
sNSYazCOL8e,404433,50.0
dkH2pnlfHLY,304833,8014.0
sNSYazCOL8e,404111,54.2
T7ThgDxkBn0,100636,2.9
IeQMbigrLAk,201940,109.8
IeQMbigrLAk,553282,90.3
sNSYazCOL8e,201204,51.9
IeQMbigrLAk,201358,58.1
IeQMbigrLAk,201974,11.1
dkH2pnlfHLY,100669,16813.0
T7ThgDxkBn0,201379,1.3
sNSYazCOL8e,201347,28.5
T7ThgDxkBn0,304845,1.1
T7ThgDxkBn0,400173,2.8
IeQMbigrLAk,201290,68.9
dkH2pnlfHLY,609162,0.0
sNSYazCOL8e,100991,31.0
IeQMbigrLAk,404712,130.6
sNSYazCOL8e,309357,50.0
IeQMbigrLAk,202294,188.0
IeQMbigrLAk,207521,109.2
dkH2pnlfHLY,306706,9913.0
IeQMbigrLAk,404442,111.7
IeQMbigrLAk,507018,51.7
dkH2pnlfHLY,557336,19320.0
IeQMbigrLAk,107852,71.8
T7ThgDxkBn0,507018,2.5
IeQMbigrLAk,309385,78.6
dkH2pnlfHLY,609127,7151.0
dkH2pnlfHLY,204643,4359.0
IeQMbigrLAk,303907,95.9
sNSYazCOL8e,100954,50.0
IeQMbigrLAk,201954,58.5
T7ThgDxkBn0,507672,3.0
sNSYazCOL8e,305924,50.0
IeQMbigrLAk,302984,58.6
dkH2pnlfHLY,309325,0.0
dkH2pnlfHLY,401831,7939.0
IeQMbigrLAk,204667,155.1
dkH2pnlfHLY,401855,14591.0
sNSYazCOL8e,100602,50.0
T7ThgDxkBn0,404123,2.8
sNSYazCOL8e,508811,31.0
IeQMbigrLAk,305678,97.5
T7ThgDxkBn0,609018,9.3
IeQMbigrLAk,609047,118.4
T7ThgDxkBn0,404712,5.9
dkH2pnlfHLY,201570,17947.0
dkH2pnlfHLY,555202,8126.0
IeQMbigrLAk,609018,100.0
IeQMbigrLAk,305974,64.3
T7ThgDxkBn0,408725,5.9
dkH2pnlfHLY,307256,14966.0
sNSYazCOL8e,201574,50.0
sNSYazCOL8e,307263,50.8
IeQMbigrLAk,104284,97.9
T7ThgDxkBn0,107855,5.2
sNSYazCOL8e,603602,36.0
sNSYazCOL8e,201561,50.0
dkH2pnlfHLY,208407,4800.0
sNSYazCOL8e,558558,54.2
dkH2pnlfHLY,203041,9342.0
sNSYazCOL8e,501081,50.0
IeQMbigrLAk,306768,91.4
sNSYazCOL8e,609023,31.0
T7ThgDxkBn0,107914,2.8
T7ThgDxkBn0,404138,2.6
T7ThgDxkBn0,204661,7.4
IeQMbigrLAk,104243,104.2
dkH2pnlfHLY,305984,8758.0
T7ThgDxkBn0,303985,2.2
T7ThgDxkBn0,405015,2.4
T7ThgDxkBn0,507683,2.0
sNSYazCOL8e,208425,10.0
dkH2pnlfHLY,554979,14205.0
IeQMbigrLAk,408747,93.4
sNSYazCOL8e,406552,50.0
T7ThgDxkBn0,303961,2.7
dkH2pnlfHLY,303386,11314.0
dkH2pnlfHLY,107958,19097.0
T7ThgDxkBn0,201927,1.5
sNSYazCOL8e,508172,31.0
dkH2pnlfHLY,302618,22295.0
T7ThgDxkBn0,208458,2.7
IeQMbigrLAk,204670,45.1
IeQMbigrLAk,405566,109.3
dkH2pnlfHLY,552777,16423.0
dkH2pnlfHLY,306165,10886.0
T7ThgDxkBn0,201285,1.8
IeQMbigrLAk,404480,106.3
T7ThgDxkBn0,201931,1.7
T7ThgDxkBn0,100632,5.8
sNSYazCOL8e,559486,50.0
sNSYazCOL8e,605883,138.4
sNSYazCOL8e,501094,54.1
IeQMbigrLAk,400156,72.6
T7ThgDxkBn0,205158,3.3
dkH2pnlfHLY,404104,21019.0
sNSYazCOL8e,405063,50.0
dkH2pnlfHLY,506428,11240.0
dkH2pnlfHLY,506941,13590.0
dkH2pnlfHLY,609108,9914.0
IeQMbigrLAk,506485,48.4
sNSYazCOL8e,203014,50.0
sNSYazCOL8e,203025,48.4
IeQMbigrLAk,508134,137.0
sNSYazCOL8e,508894,31.0
T7ThgDxkBn0,201909,2.9
T7ThgDxkBn0,305628,4.1
IeQMbigrLAk,552738,68.5
IeQMbigrLAk,308273,105.0
T7ThgDxkBn0,302638,3.6
dkH2pnlfHLY,558592,10068.0
sNSYazCOL8e,208436,31.0
T7ThgDxkBn0,554977,6.8
dkH2pnlfHLY,559451,10868.0
IeQMbigrLAk,501095,91.9
T7ThgDxkBn0,308636,2.3
T7ThgDxkBn0,306704,3.5
T7ThgDxkBn0,303907,2.0
IeQMbigrLAk,554977,107.8
T7ThgDxkBn0,501095,3.7
sNSYazCOL8e,30-26-72,50.0
dkH2pnlfHLY,408704,7792.0
dkH2pnlfHLY,408786,30830.0
IeQMbigrLAk,302956,92.8
dkH2pnlfHLY,100610,15671.0
dkH2pnlfHLY,506991,15704.0
dkH2pnlfHLY,306122,15053.0
IeQMbigrLAk,552712,94.6
T7ThgDxkBn0,202294,1.7
IeQMbigrLAk,306704,55.3
dkH2pnlfHLY,552756,8597.0
dkH2pnlfHLY,207585,13747.0
T7ThgDxkBn0,204667,1.8
T7ThgDxkBn0,201954,1.9
T7ThgDxkBn0,552712,2.8
T7ThgDxkBn0,308229,3.8
sNSYazCOL8e,405585,31.0
dkH2pnlfHLY,304854,7313.0
T7ThgDxkBn0,404480,2.0
dkH2pnlfHLY,303958,9376.0
dkH2pnlfHLY,201395,14785.0
dkH2pnlfHLY,100447,9043.0
sNSYazCOL8e,408743,50.0
dkH2pnlfHLY,605835,0.0
dkH2pnlfHLY,202216,27054.0
dkH2pnlfHLY,107987,20561.0
T7ThgDxkBn0,506485,2.8
IeQMbigrLAk,507088,65.5
IeQMbigrLAk,304845,46.7
dkH2pnlfHLY,605856,10661.0
IeQMbigrLAk,308970,74.9
IeQMbigrLAk,305628,64.1
IeQMbigrLAk,201909,100.0
T7ThgDxkBn0,308273,2.3
IeQMbigrLAk,100636,50.0
dkH2pnlfHLY,609194,10808.0
T7ThgDxkBn0,552738,1.5
dkH2pnlfHLY,309309,3798.0
T7ThgDxkBn0,201974,2.0
sNSYazCOL8e,305610,50.0
IeQMbigrLAk,201285,82.3
IeQMbigrLAk,558527,85.4
sNSYazCOL8e,609117,50.0
IeQMbigrLAk,305984,73.4
T7ThgDxkBn0,308665,1.7
T7ThgDxkBn0,508867,3.2
T7ThgDxkBn0,508112,2.0
T7ThgDxkBn0,201547,2.0
sNSYazCOL8e,605814,31.0
IeQMbigrLAk,558576,102.2
IeQMbigrLAk,405585,103.3
dkH2pnlfHLY,107866,26837.0
dkH2pnlfHLY,306768,15136.0
sNSYazCOL8e,508134,62.0
dkH2pnlfHLY,306194,10139.0
IeQMbigrLAk,555239,74.8
sNSYazCOL8e,309338,50.0
IeQMbigrLAk,559408,74.8
T7ThgDxkBn0,408743,2.9
dkH2pnlfHLY,305610,10654.0
IeQMbigrLAk,558558,97.9
dkH2pnlfHLY,507056,8434.0
T7ThgDxkBn0,306124,3.2
sNSYazCOL8e,107852,52.5
IeQMbigrLAk,303985,106.7
T7ThgDxkBn0,404740,2.8
IeQMbigrLAk,558573,85.3
dkH2pnlfHLY,306876,13600.0
dkH2pnlfHLY,404123,15404.0
IeQMbigrLAk,201347,75.4
T7ThgDxkBn0,203041,2.2
IeQMbigrLAk,559451,58.0
dkH2pnlfHLY,501033,13301.0
dkH2pnlfHLY,552743,11301.0
IeQMbigrLAk,609108,86.1
T7ThgDxkBn0,605856,1.3
dkH2pnlfHLY,201294,13141.0
IeQMbigrLAk,609092,72.5
dkH2pnlfHLY,404717,31300.0
sNSYazCOL8e,501088,31.0
dkH2pnlfHLY,201233,1531.0
IeQMbigrLAk,200389,94.6
T7ThgDxkBn0,506909,2.6
sNSYazCOL8e,507622,50.0
sNSYazCOL8e,305944,50.0
IeQMbigrLAk,201918,71.4
T7ThgDxkBn0,508125,1.6
sNSYazCOL8e,503861,50.0
IeQMbigrLAk,609086,59.7
T7ThgDxkBn0,609131,0.84
sNSYazCOL8e,204677,10.8
sNSYazCOL8e,302910,50.0
dkH2pnlfHLY,208429,1100.0
sNSYazCOL8e,554994,50.0
T7ThgDxkBn0,506486,2.2
sNSYazCOL8e,107876,54.2
IeQMbigrLAk,30-72-18,82.0
sNSYazCOL8e,304802,50.0
sNSYazCOL8e,506428,50.0
IeQMbigrLAk,107947,84.1
T7ThgDxkBn0,201508,2.1
dkH2pnlfHLY,205133,18398.0
dkH2pnlfHLY,508110,18481.0
T7ThgDxkBn0,609127,1.8
IeQMbigrLAk,557312,113.9
T7ThgDxkBn0,603605,1.8
dkH2pnlfHLY,507616,15094.0
sNSYazCOL8e,555233,50.0
dkH2pnlfHLY,306123,9742.0
IeQMbigrLAk,308636,100.1
sNSYazCOL8e,305480,50.0
dkH2pnlfHLY,201379,4463.0
sNSYazCOL8e,306702,48.4
IeQMbigrLAk,303929,50.8
IeQMbigrLAk,609033,77.0
IeQMbigrLAk,507672,103.7
dkH2pnlfHLY,507672,17882.0
sNSYazCOL8e,309309,31.0
dkH2pnlfHLY,501094,17418.0
sNSYazCOL8e,201915,31.0
T7ThgDxkBn0,609135,2.2
IeQMbigrLAk,507616,83.1
sNSYazCOL8e,201974,31.0
dkH2pnlfHLY,309319,12190.0
IeQMbigrLAk,305682,56.7
dkH2pnlfHLY,305974,10561.0
IeQMbigrLAk,506447,71.8
sNSYazCOL8e,305628,31.0
dkH2pnlfHLY,307238,6635.0
T7ThgDxkBn0,100662,2.6
dkH2pnlfHLY,306120,14996.0
dkH2pnlfHLY,208447,2301.0
dkH2pnlfHLY,408790,18577.0
dkH2pnlfHLY,305678,11043.0
dkH2pnlfHLY,506447,13088.0
IeQMbigrLAk,205173,96.9
T7ThgDxkBn0,306165,1.2
IeQMbigrLAk,400173,89.1
dkH2pnlfHLY,205173,10353.0
IeQMbigrLAk,408790,117.3
sNSYazCOL8e,609027,50.0
dkH2pnlfHLY,201553,18696.0
IeQMbigrLAk,405094,92.4
T7ThgDxkBn0,302662,3.1
T7ThgDxkBn0,30-26-72,3.4
sNSYazCOL8e,207580,50.0
dkH2pnlfHLY,306131,17262.0
sNSYazCOL8e,104243,31.0
T7ThgDxkBn0,404730,2.1
IeQMbigrLAk,609120,66.1
dkH2pnlfHLY,609120,7364.0
IeQMbigrLAk,508850,74.2
IeQMbigrLAk,552760,111.7
T7ThgDxkBn0,207521,2.7
IeQMbigrLAk,406552,99.5
IeQMbigrLAk,307238,53.0
T7ThgDxkBn0,100607,4.2
sNSYazCOL8e,306172,54.2
IeQMbigrLAk,201972,58.0
sNSYazCOL8e,552721,54.1
dkH2pnlfHLY,558573,10685.0
sNSYazCOL8e,303551,50.0
T7ThgDxkBn0,207507,4.0
IeQMbigrLAk,307247,78.0
T7ThgDxkBn0,200351,3.3
sNSYazCOL8e,107976,52.6
IeQMbigrLAk,208429,26.4
dkH2pnlfHLY,555239,13672.0
T7ThgDxkBn0,308614,2.5
T7ThgDxkBn0,304859,2.6
dkH2pnlfHLY,559408,13655.0
T7ThgDxkBn0,405595,2.7
sNSYazCOL8e,201202,33.5
sNSYazCOL8e,204680,40.6
dkH2pnlfHLY,552717,9354.0
sNSYazCOL8e,306706,50.0
dkH2pnlfHLY,558527,15620.0
IeQMbigrLAk,308207,96.0
sNSYazCOL8e,408786,50.0
IeQMbigrLAk,507605,87.2
sNSYazCOL8e,208407,31.0
sNSYazCOL8e,309347,50.0
IeQMbigrLAk,507056,48.8
sNSYazCOL8e,306704,52.5
T7ThgDxkBn0,552717,2.8
sNSYazCOL8e,609141,50.0
dkH2pnlfHLY,305944,9614.0
sNSYazCOL8e,203094,50.0
IeQMbigrLAk,406528,79.2
T7ThgDxkBn0,557725,1.7
dkH2pnlfHLY,506450,11295.0
dkH2pnlfHLY,200389,3485.0
T7ThgDxkBn0,306852,3.0
dkH2pnlfHLY,555233,13699.0
T7ThgDxkBn0,507639,1.1
dkH2pnlfHLY,107855,8057.0
IeQMbigrLAk,303332,72.3
IeQMbigrLAk,303543,121.3
IeQMbigrLAk,302614,96.5
T7ThgDxkBn0,553291,3.1
dkH2pnlfHLY,609141,13615.0
sNSYazCOL8e,309319,50.0
T7ThgDxkBn0,404794,3.7
IeQMbigrLAk,508131,76.6
sNSYazCOL8e,404123,50.0
dkH2pnlfHLY,305480,18377.0
dkH2pnlfHLY,609092,8274.0
sNSYazCOL8e,507683,51.0
dkH2pnlfHLY,302662,20096.0
T7ThgDxkBn0,201345,3.8
T7ThgDxkBn0,404109,2.7
IeQMbigrLAk,207547,31.5
IeQMbigrLAk,100921,94.5
dkH2pnlfHLY,507622,17845.0
T7ThgDxkBn0,609153,1.3
dkH2pnlfHLY,507037,7710.0
sNSYazCOL8e,107866,54.2
T7ThgDxkBn0,603611,2.0
sNSYazCOL8e,306194,32.5
T7ThgDxkBn0,100409,6.8
T7ThgDxkBn0,203025,2.3
IeQMbigrLAk,507037,42.5
T7ThgDxkBn0,304892,2.4
T7ThgDxkBn0,201290,2.2
sNSYazCOL8e,208447,10.0
T7ThgDxkBn0,303336,3.9
IeQMbigrLAk,501040,85.2
T7ThgDxkBn0,304833,2.2
sNSYazCOL8e,309323,31.0
dkH2pnlfHLY,306172,20123.0
sNSYazCOL8e,605880,31.0
IeQMbigrLAk,553267,67.0
IeQMbigrLAk,554909,65.6
dkH2pnlfHLY,303543,20020.0
IeQMbigrLAk,306116,88.6
sNSYazCOL8e,306768,54.2
T7ThgDxkBn0,205165,60.2
T7ThgDxkBn0,100965,2.0
dkH2pnlfHLY,553267,12263.0
dkH2pnlfHLY,557790,10898.0
T7ThgDxkBn0,308694,1.7
T7ThgDxkBn0,507633,3.8
sNSYazCOL8e,553221,32.5
dkH2pnlfHLY,609023,8000.0
T7ThgDxkBn0,304811,2.5
sNSYazCOL8e,208429,10.0
T7ThgDxkBn0,554906,135.0
T7ThgDxkBn0,557790,2.3
dkH2pnlfHLY,307209,7223.0
T7ThgDxkBn0,404414,2.0
T7ThgDxkBn0,309357,2.3
dkH2pnlfHLY,508811,13524.0
sNSYazCOL8e,307238,31.0
IeQMbigrLAk,506915,76.0
IeQMbigrLAk,552710,56.3
sNSYazCOL8e,306120,50.0
IeQMbigrLAk,405071,138.9
T7ThgDxkBn0,401807,2.2
sNSYazCOL8e,100632,60.0
IeQMbigrLAk,404764,82.1
sNSYazCOL8e,201553,52.6
IeQMbigrLAk,603626,72.9
IeQMbigrLAk,309376,96.6
IeQMbigrLAk,306863,67.5
dkH2pnlfHLY,552710,10171.0
T7ThgDxkBn0,501033,1.8
sNSYazCOL8e,558542,66.8
IeQMbigrLAk,501067,83.8
IeQMbigrLAk,405039,85.6
T7ThgDxkBn0,404111,2.3
sNSYazCOL8e,304845,50.0
IeQMbigrLAk,553288,71.5
sNSYazCOL8e,201379,31.0
dkH2pnlfHLY,104243,11750.0
T7ThgDxkBn0,200304,3.3
T7ThgDxkBn0,503874,2.5
sNSYazCOL8e,400158,50.0
dkH2pnlfHLY,200373,6721.0
sNSYazCOL8e,201294,45.8
dkH2pnlfHLY,304802,14644.0
sNSYazCOL8e,609120,31.0
dkH2pnlfHLY,609131,38.0
T7ThgDxkBn0,208478,2.9
IeQMbigrLAk,207510,87.1
IeQMbigrLAk,554979,77.8
IeQMbigrLAk,404775,66.0
T7ThgDxkBn0,404433,1.8
T7ThgDxkBn0,304879,2.6
IeQMbigrLAk,304827,93.3
T7ThgDxkBn0,501081,5.3
sNSYazCOL8e,305487,50.0
IeQMbigrLAk,559486,82.8
sNSYazCOL8e,303591,50.0
IeQMbigrLAk,100929,116.0
T7ThgDxkBn0,404471,2.2
T7ThgDxkBn0,208475,2.5
T7ThgDxkBn0,305610,3.5
dkH2pnlfHLY,508134,15645.0
dkH2pnlfHLY,309338,8869.0
sNSYazCOL8e,404717,54.1
dkH2pnlfHLY,503861,16439.0
sNSYazCOL8e,303334,50.0
dkH2pnlfHLY,404480,19365.0
dkH2pnlfHLY,204665,3347.0
dkH2pnlfHLY,201547,14496.0
dkH2pnlfHLY,400156,14487.0
IeQMbigrLAk,506428,61.6
T7ThgDxkBn0,605835,0.0
sNSYazCOL8e,100925,50.0
IeQMbigrLAk,202245,44.6
dkH2pnlfHLY,306704,10697.0
T7ThgDxkBn0,508110,3.5
IeQMbigrLAk,508172,76.5
T7ThgDxkBn0,404753,3.5
IeQMbigrLAk,609141,74.7
dkH2pnlfHLY,501088,8193.0
IeQMbigrLAk,508894,77.4
sNSYazCOL8e,303543,81.0
sNSYazCOL8e,200389,10.0
dkH2pnlfHLY,100419,6238.0
sNSYazCOL8e,554908,40.6
T7ThgDxkBn0,202266,1.5
sNSYazCOL8e,555239,50.0
T7ThgDxkBn0,552756,3.1
T7ThgDxkBn0,304876,2.0
dkH2pnlfHLY,605814,11199.0
T7ThgDxkBn0,605883,1.4
dkH2pnlfHLY,553230,19332.0
sNSYazCOL8e,305440,50.0
T7ThgDxkBn0,207585,2.7
dkH2pnlfHLY,107852,12689.0
dkH2pnlfHLY,557312,20810.0
sNSYazCOL8e,558573,35.8
T7ThgDxkBn0,552743,3.7
T7ThgDxkBn0,208436,2.6
dkH2pnlfHLY,603605,14672.0
T7ThgDxkBn0,508182,1.6
T7ThgDxkBn0,208421,3.9
IeQMbigrLAk,404190,83.3
sNSYazCOL8e,205133,50.0
sNSYazCOL8e,107914,50.0
dkH2pnlfHLY,508844,7884.0
IeQMbigrLAk,309319,66.9
IeQMbigrLAk,208425,94.3
dkH2pnlfHLY,302910,10143.0
dkH2pnlfHLY,208458,5563.0
sNSYazCOL8e,609032,31.0
IeQMbigrLAk,306120,82.2
sNSYazCOL8e,552710,50.0
IeQMbigrLAk,503858,113.6
IeQMbigrLAk,201553,95.1
T7ThgDxkBn0,307204,4.1
dkH2pnlfHLY,201349,15931.0
dkH2pnlfHLY,309323,6157.0
IeQMbigrLAk,306194,89.6
sNSYazCOL8e,501095,50.0
dkH2pnlfHLY,506909,9004.0
IeQMbigrLAk,508827,0.0
T7ThgDxkBn0,552769,2.5
dkH2pnlfHLY,508125,12940.0
sNSYazCOL8e,507056,50.0
IeQMbigrLAk,107838,103.7
T7ThgDxkBn0,506475,2.0
dkH2pnlfHLY,508850,13553.0
T7ThgDxkBn0,506469,2.7
T7ThgDxkBn0,404104,2.0
IeQMbigrLAk,609117,91.9
sNSYazCOL8e,405015,50.0
T7ThgDxkBn0,201233,2.1
dkH2pnlfHLY,405094,16804.0
sNSYazCOL8e,201582,50.0
dkH2pnlfHLY,553221,7772.0
T7ThgDxkBn0,201537,2.2
T7ThgDxkBn0,506403,2.4
sNSYazCOL8e,201533,37.3
sNSYazCOL8e,204661,62.1
dkH2pnlfHLY,507683,18234.0
dkH2pnlfHLY,201533,12226.0
IeQMbigrLAk,309309,35.4
IeQMbigrLAk,307283,99.9
sNSYazCOL8e,201285,35.8
dkH2pnlfHLY,107914,19186.0
dkH2pnlfHLY,201358,10584.0
dkH2pnlfHLY,303961,8780.0
dkH2pnlfHLY,308990,8911.0
dkH2pnlfHLY,404138,20543.0
dkH2pnlfHLY,405015,15606.0
IeQMbigrLAk,107866,147.1
IeQMbigrLAk,400114,75.0
sNSYazCOL8e,553282,31.0
dkH2pnlfHLY,204661,4741.0
T7ThgDxkBn0,609029,2.0
IeQMbigrLAk,200391,27.0
T7ThgDxkBn0,201561,1.9
sNSYazCOL8e,557312,50.0
IeQMbigrLAk,201975,24.1
sNSYazCOL8e,609092,33.6
sNSYazCOL8e,405094,58.1
sNSYazCOL8e,553230,50.0
sNSYazCOL8e,201586,50.0
dkH2pnlfHLY,501054,12369.0
IeQMbigrLAk,201936,106.7
IeQMbigrLAk,609159,77.6
dkH2pnlfHLY,559482,15896.0
IeQMbigrLAk,207536,95.7
sNSYazCOL8e,400134,50.0
dkH2pnlfHLY,201940,20040.0
T7ThgDxkBn0,201395,3.0
sNSYazCOL8e,303961,31.0
IeQMbigrLAk,040706,63.7
T7ThgDxkBn0,104273,2.5
IeQMbigrLAk,100602,84.9
T7ThgDxkBn0,201574,3.2
sNSYazCOL8e,107857,50.0
dkH2pnlfHLY,201974,1259.0
sNSYazCOL8e,559482,50.0
sNSYazCOL8e,302984,48.5
IeQMbigrLAk,508153,59.3
IeQMbigrLAk,302962,89.0
dkH2pnlfHLY,405747,14555.0
sNSYazCOL8e,309385,50.0
IeQMbigrLAk,306122,82.6
IeQMbigrLAk,306113,97.4
sNSYazCOL8e,400156,50.0
sNSYazCOL8e,201358,50.0
IeQMbigrLAk,506991,86.0
IeQMbigrLAk,408786,168.6
T7ThgDxkBn0,501006,4.0
IeQMbigrLAk,100610,95.9
T7ThgDxkBn0,202256,2.5
T7ThgDxkBn0,401855,1.6
T7ThgDxkBn0,100669,4.2
T7ThgDxkBn0,603677,1.3
sNSYazCOL8e,408790,70.5
T7ThgDxkBn0,306864,2.4
T7ThgDxkBn0,401831,2.0
sNSYazCOL8e,305678,31.0
sNSYazCOL8e,306131,50.0
sNSYazCOL8e,555270,50.0
sNSYazCOL8e,200373,38.9
sNSYazCOL8e,201940,50.0
dkH2pnlfHLY,501095,16625.0
IeQMbigrLAk,304854,50.8
sNSYazCOL8e,501054,50.0
T7ThgDxkBn0,506941,2.1
sNSYazCOL8e,204665,31.0
IeQMbigrLAk,603602,52.2
IeQMbigrLAk,554952,75.7
T7ThgDxkBn0,302618,23.0
T7ThgDxkBn0,201204,2.1
IeQMbigrLAk,107987,112.7
T7ThgDxkBn0,201578,2.1
sNSYazCOL8e,508850,50.0
sNSYazCOL8e,605865,57.9
IeQMbigrLAk,202216,148.9
T7ThgDxkBn0,552777,3.3
T7ThgDxkBn0,558592,3.0
sNSYazCOL8e,100419,31.0
T7ThgDxkBn0,603668,2.9
sNSYazCOL8e,201349,50.0
dkH2pnlfHLY,304845,8531.0
sNSYazCOL8e,305974,50.0
dkH2pnlfHLY,201285,10406.0
T7ThgDxkBn0,305924,2.2
sNSYazCOL8e,507672,54.2
dkH2pnlfHLY,302918,23222.0
IeQMbigrLAk,303958,82.4
dkH2pnlfHLY,305628,7255.0
T7ThgDxkBn0,408704,3.7
IeQMbigrLAk,609194,95.5
T7ThgDxkBn0,558503,1.9
T7ThgDxkBn0,304802,2.1
dkH2pnlfHLY,208475,1984.0
T7ThgDxkBn0,552730,2.9
sNSYazCOL8e,304854,40.6
sNSYazCOL8e,501040,50.0
IeQMbigrLAk,201561,114.5
dkH2pnlfHLY,100991,9619.0
dkH2pnlfHLY,208478,2308.0
IeQMbigrLAk,304806,97.8
dkH2pnlfHLY,404111,32000.0
IeQMbigrLAk,501054,67.9
IeQMbigrLAk,307263,87.7
sNSYazCOL8e,303958,31.0
dkH2pnlfHLY,404471,16901.0
T7ThgDxkBn0,506479,3.0
IeQMbigrLAk,503813,82.9
sNSYazCOL8e,406528,50.0
dkH2pnlfHLY,404433,19310.0
sNSYazCOL8e,207521,50.0
sNSYazCOL8e,404480,50.0
sNSYazCOL8e,605856,31.0
T7ThgDxkBn0,308967,2.8
dkH2pnlfHLY,309366,179942.0
IeQMbigrLAk,100954,111.8
sNSYazCOL8e,506915,31.0
sNSYazCOL8e,401831,31.0
sNSYazCOL8e,100921,54.2
sNSYazCOL8e,201290,50.0
sNSYazCOL8e,508867,31.0
sNSYazCOL8e,200391,10.0
dkH2pnlfHLY,201936,18279.0
IeQMbigrLAk,506406,78.7
dkH2pnlfHLY,100602,15504.0
IeQMbigrLAk,100925,173.3
T7ThgDxkBn0,609117,2.2
T7ThgDxkBn0,307240,2.0
T7ThgDxkBn0,306807,2.9
dkH2pnlfHLY,309357,19450.0
IeQMbigrLAk,202266,91.7
IeQMbigrLAk,405063,113.4
T7ThgDxkBn0,553221,1.3
dkH2pnlfHLY,506475,12446.0
T7ThgDxkBn0,405760,2.4
T7ThgDxkBn0,309323,2.8
dkH2pnlfHLY,304876,8678.0
IeQMbigrLAk,203014,72.2
T7ThgDxkBn0,501085,7.0
IeQMbigrLAk,100419,55.1
sNSYazCOL8e,302618,50.0
sNSYazCOL8e,204670,31.0
sNSYazCOL8e,609194,31.0
sNSYazCOL8e,201395,50.0
sNSYazCOL8e,201508,50.0
dkH2pnlfHLY,605865,19696.0
sNSYazCOL8e,508112,31.0
T7ThgDxkBn0,100419,3.5
IeQMbigrLAk,203094,83.7
sNSYazCOL8e,609131,18.0
IeQMbigrLAk,605865,86.1
dkH2pnlfHLY,400134,19570.0
dkH2pnlfHLY,208425,3444.0
sNSYazCOL8e,306124,50.0
IeQMbigrLAk,309347,94.0
IeQMbigrLAk,400158,90.2
T7ThgDxkBn0,557345,2.1
sNSYazCOL8e,405071,50.0
dkH2pnlfHLY,302903,15450.0
sNSYazCOL8e,404138,50.0
sNSYazCOL8e,201909,33.6
IeQMbigrLAk,553221,66.9
T7ThgDxkBn0,204677,1.8
IeQMbigrLAk,309323,52.3
sNSYazCOL8e,557704,54.1
dkH2pnlfHLY,400158,16447.0
IeQMbigrLAk,558542,168.9
T7ThgDxkBn0,404161,2.5
sNSYazCOL8e,306116,52.6
T7ThgDxkBn0,405063,2.6
dkH2pnlfHLY,555270,13941.0
dkH2pnlfHLY,104273,9018.0
IeQMbigrLAk,501085,106.6
sNSYazCOL8e,552712,50.0
T7ThgDxkBn0,304842,9.8
sNSYazCOL8e,200351,50.0
sNSYazCOL8e,400160,52.5
dkH2pnlfHLY,201263,7295.0
sNSYazCOL8e,308970,50.0
sNSYazCOL8e,507633,54.2
sNSYazCOL8e,404740,50.0
IeQMbigrLAk,307240,55.2
T7ThgDxkBn0,507619,2.8
IeQMbigrLAk,201263,66.5
IeQMbigrLAk,306807,97.6
sNSYazCOL8e,405595,31.0
T7ThgDxkBn0,200373,2.0
IeQMbigrLAk,104273,49.4
dkH2pnlfHLY,304806,14070.0
IeQMbigrLAk,100991,85.0
dkH2pnlfHLY,404769,20820.0
IeQMbigrLAk,208478,63.2
dkH2pnlfHLY,309376,17599.0
T7ThgDxkBn0,405039,1.9
sNSYazCOL8e,201918,31.0
T7ThgDxkBn0,100929,5.3
sNSYazCOL8e,553291,50.0
sNSYazCOL8e,404190,46.9
dkH2pnlfHLY,553288,8089.0
IeQMbigrLAk,208475,58.0
sNSYazCOL8e,559451,50.0
T7ThgDxkBn0,307263,2.2
dkH2pnlfHLY,100954,20439.0
sNSYazCOL8e,201345,31.0
T7ThgDxkBn0,506450,1.7
IeQMbigrLAk,404161,101.2
T7ThgDxkBn0,501054,3.4
dkH2pnlfHLY,307263,16291.0
IeQMbigrLAk,308967,83.9
IeQMbigrLAk,305487,80.7
IeQMbigrLAk,552730,95.2
sNSYazCOL8e,303907,31.0
dkH2pnlfHLY,201582,7720.0
sNSYazCOL8e,404109,50.0
sNSYazCOL8e,508153,50.0
IeQMbigrLAk,557345,69.3
dkH2pnlfHLY,609029,12344.0
IeQMbigrLAk,503861,90.1
dkH2pnlfHLY,100925,31626.0
IeQMbigrLAk,204677,83.1
T7ThgDxkBn0,203051,2.4
sNSYazCOL8e,552738,50.0
sNSYazCOL8e,302662,50.0
IeQMbigrLAk,404471,91.0
dkH2pnlfHLY,554906,9583.0
sNSYazCOL8e,404775,50.0
dkH2pnlfHLY,506406,14356.0
dkH2pnlfHLY,202290,13549.0
dkH2pnlfHLY,508894,8791.0
T7ThgDxkBn0,201202,1.8
dkH2pnlfHLY,201586,14649.0
sNSYazCOL8e,609086,28.4
IeQMbigrLAk,309357,106.6
IeQMbigrLAk,506475,68.0
T7ThgDxkBn0,305440,2.7
sNSYazCOL8e,609135,33.5
sNSYazCOL8e,506941,50.0
T7ThgDxkBn0,306131,2.1
sNSYazCOL8e,507037,50.0
dkH2pnlfHLY,508172,8661.0
dkH2pnlfHLY,202266,10347.0
dkH2pnlfHLY,202245,8166.0
IeQMbigrLAk,554918,98.6
T7ThgDxkBn0,554918,7.1
sNSYazCOL8e,559408,50.0
IeQMbigrLAk,506944,108.8
T7ThgDxkBn0,506944,2.1
sNSYazCOL8e,304879,50.0
sNSYazCOL8e,203041,31.0
dkH2pnlfHLY,609153,9643.0
IeQMbigrLAk,609153,86.4
T7ThgDxkBn0,203014,2.2
dkH2pnlfHLY,304811,15358.0
T7ThgDxkBn0,309328,2.7
IeQMbigrLAk,309328,100.6
T7ThgDxkBn0,107990,0.0
sNSYazCOL8e,30-72-18,50.0
sNSYazCOL8e,308990,50.0
T7ThgDxkBn0,306172,2.7
IeQMbigrLAk,208421,75.4
sNSYazCOL8e,506909,31.0
T7ThgDxkBn0,100925,2.2
T7ThgDxkBn0,307209,2.5
dkH2pnlfHLY,208421,2757.0
IeQMbigrLAk,201582,42.4
IeQMbigrLAk,202249,103.9
sNSYazCOL8e,603605,52.6
T7ThgDxkBn0,201582,2.2
sNSYazCOL8e,609127,31.0
dkH2pnlfHLY,501067,9485.0
T7ThgDxkBn0,506406,3.5
dkH2pnlfHLY,107990,0.0
dkH2pnlfHLY,305487,10854.0
IeQMbigrLAk,201202,76.6
dkH2pnlfHLY,202249,20585.0
T7ThgDxkBn0,100954,1.8
dkH2pnlfHLY,201202,8662.0
IeQMbigrLAk,501027,60.4
IeQMbigrLAk,404753,101.3
T7ThgDxkBn0,305480,2.4
T7ThgDxkBn0,503861,2.8
sNSYazCOL8e,552760,31.0
sNSYazCOL8e,400138,50.0
IeQMbigrLAk,306181,111.1
dkH2pnlfHLY,305440,12503.0
IeQMbigrLAk,107990,0.0
dkH2pnlfHLY,508861,10515.0
IeQMbigrLAk,305440,68.5
sNSYazCOL8e,306123,31.0
dkH2pnlfHLY,306181,20291.0
dkH2pnlfHLY,404753,18485.0
dkH2pnlfHLY,501027,10183.0
IeQMbigrLAk,508861,92.9
sNSYazCOL8e,558527,50.0
T7ThgDxkBn0,100991,3.3
sNSYazCOL8e,609033,50.0
dkH2pnlfHLY,307283,18227.0
sNSYazCOL8e,303332,50.0
sNSYazCOL8e,305682,50.0
dkH2pnlfHLY,30-26-72,18411.0
sNSYazCOL8e,506447,50.0
sNSYazCOL8e,303929,50.0
dkH2pnlfHLY,508131,14847.0
T7ThgDxkBn0,201263,1.5
IeQMbigrLAk,306131,86.9
IeQMbigrLAk,201586,80.7
dkH2pnlfHLY,404161,18304.0
dkH2pnlfHLY,507605,9880.0
T7ThgDxkBn0,306876,3.3
T7ThgDxkBn0,404717,6.1
sNSYazCOL8e,306122,50.0
sNSYazCOL8e,100610,60.0
sNSYazCOL8e,408704,31.0
sNSYazCOL8e,201987,50.0
IeQMbigrLAk,404769,95.7
T7ThgDxkBn0,201972,1.8
dkH2pnlfHLY,408743,11427.0
T7ThgDxkBn0,307247,3.2
T7ThgDxkBn0,501027,2.7
sNSYazCOL8e,207547,42.8
sNSYazCOL8e,552756,31.0
T7ThgDxkBn0,208447,4.0
T7ThgDxkBn0,400158,2.8
IeQMbigrLAk,559482,87.1
T7ThgDxkBn0,202249,1.2
T7ThgDxkBn0,609120,4.7
IeQMbigrLAk,554906,94.9
dkH2pnlfHLY,400114,13727.0
T7ThgDxkBn0,508861,3.4
dkH2pnlfHLY,204677,3002.0
T7ThgDxkBn0,306181,110.6
sNSYazCOL8e,207536,50.0
IeQMbigrLAk,609138,79.8
sNSYazCOL8e,201972,50.0
IeQMbigrLAk,202290,73.9
sNSYazCOL8e,506991,50.0
T7ThgDxkBn0,555270,3.1
IeQMbigrLAk,405747,118.9
sNSYazCOL8e,609159,31.0
IeQMbigrLAk,508194,93.5
sNSYazCOL8e,609108,31.0
dkH2pnlfHLY,507619,14136.0
sNSYazCOL8e,306876,31.0
dkH2pnlfHLY,202256,7418.0
T7ThgDxkBn0,306123,2.0
T7ThgDxkBn0,605865,1.2
T7ThgDxkBn0,554909,4.0
sNSYazCOL8e,201512,50.0
dkH2pnlfHLY,203014,13183.0
sNSYazCOL8e,201518,31.0
IeQMbigrLAk,555270,81.7
T7ThgDxkBn0,557734,1.9
sNSYazCOL8e,201975,31.0
IeQMbigrLAk,400134,107.1
dkH2pnlfHLY,203094,15252.0
dkH2pnlfHLY,306864,9284.0
dkH2pnlfHLY,203025,12336.0
IeQMbigrLAk,201504,115.8
dkH2pnlfHLY,100409,11923.0
sNSYazCOL8e,302962,50.0
IeQMbigrLAk,302910,82.6
sNSYazCOL8e,201981,88.2
dkH2pnlfHLY,205165,17357.0
T7ThgDxkBn0,309366,6.8
sNSYazCOL8e,303386,50.0
T7ThgDxkBn0,302903,3.2
IeQMbigrLAk,508844,69.5
sNSYazCOL8e,201994,31.0
sNSYazCOL8e,202216,50.0
IeQMbigrLAk,308625,74.1
IeQMbigrLAk,208447,63.0
T7ThgDxkBn0,305682,1.0
dkH2pnlfHLY,309347,17162.0
dkH2pnlfHLY,558542,20555.0
T7ThgDxkBn0,303332,2.1
IeQMbigrLAk,302903,84.7
IeQMbigrLAk,203051,83.8
T7ThgDxkBn0,609138,2.1
T7ThgDxkBn0,201294,1.8
dkH2pnlfHLY,501085,12065.0
IeQMbigrLAk,405760,108.6
dkH2pnlfHLY,307240,10016.0
T7ThgDxkBn0,508194,2.7
T7ThgDxkBn0,30-72-18,2.1
sNSYazCOL8e,605835,24.8
dkH2pnlfHLY,609117,16725.0
IeQMbigrLAk,302921,41.3
dkH2pnlfHLY,406552,18150.0
sNSYazCOL8e,100485,50.0
T7ThgDxkBn0,304806,0.97
sNSYazCOL8e,307209,31.0
T7ThgDxkBn0,202290,1.0
IeQMbigrLAk,201349,87.2
sNSYazCOL8e,503874,50.0
dkH2pnlfHLY,503858,20734.0
dkH2pnlfHLY,305924,15099.0
dkH2pnlfHLY,405585,11687.0
T7ThgDxkBn0,308990,2.9
sNSYazCOL8e,603677,40.6
sNSYazCOL8e,204643,10.0
T7ThgDxkBn0,404769,2.2
sNSYazCOL8e,201570,50.0
sNSYazCOL8e,557790,50.0
sNSYazCOL8e,557336,50.0
IeQMbigrLAk,200373,50.1
IeQMbigrLAk,558503,83.4
dkH2pnlfHLY,201561,20878.0
IeQMbigrLAk,304802,80.3
sNSYazCOL8e,207585,50.0
T7ThgDxkBn0,201533,2.1
dkH2pnlfHLY,304827,17012.0
dkH2pnlfHLY,559486,16929.0
IeQMbigrLAk,508125,71.1
IeQMbigrLAk,204665,29.7
T7ThgDxkBn0,559482,1.6
dkH2pnlfHLY,207510,15893.0
sNSYazCOL8e,107987,50.0
dkH2pnlfHLY,405039,15577.0
IeQMbigrLAk,205133,99.9
sNSYazCOL8e,558576,52.6
IeQMbigrLAk,309338,59.6
IeQMbigrLAk,201294,71.9
sNSYazCOL8e,303336,58.4
sNSYazCOL8e,100929,80.0
IeQMbigrLAk,309366,106.3
sNSYazCOL8e,308614,39.0
dkH2pnlfHLY,201204,6758.0
T7ThgDxkBn0,302921,3.7
IeQMbigrLAk,100662,84.5
sNSYazCOL8e,306113,50.0
IeQMbigrLAk,506479,53.4
T7ThgDxkBn0,400177,3.1
sNSYazCOL8e,305984,37.8
IeQMbigrLAk,304842,70.2
IeQMbigrLAk,404717,173.2
T7ThgDxkBn0,302918,1.9
T7ThgDxkBn0,503813,2.4
IeQMbigrLAk,557734,64.5
IeQMbigrLAk,201547,79.2
dkH2pnlfHLY,603668,4545.0
sNSYazCOL8e,552717,50.0
IeQMbigrLAk,605814,99.0
sNSYazCOL8e,304833,40.6
dkH2pnlfHLY,405063,20743.0
sNSYazCOL8e,506450,50.0
T7ThgDxkBn0,308625,1.8
T7ThgDxkBn0,507088,1.4
sNSYazCOL8e,552747,45.9
sNSYazCOL8e,302614,50.0
dkH2pnlfHLY,306113,17741.0
sNSYazCOL8e,107838,50.0
dkH2pnlfHLY,603677,10306.0
T7ThgDxkBn0,605814,1.6
sNSYazCOL8e,552769,31.0
dkH2pnlfHLY,605883,14324.0
sNSYazCOL8e,306165,31.0
T7ThgDxkBn0,302910,2.2
sNSYazCOL8e,040706,41.6
T7ThgDxkBn0,201504,2.3
T7ThgDxkBn0,308970,2.6
dkH2pnlfHLY,201578,3965.0
sNSYazCOL8e,404104,50.0
sNSYazCOL8e,554979,50.0
dkH2pnlfHLY,208436,5547.0
T7ThgDxkBn0,201376,2.6
sNSYazCOL8e,107958,50.0
IeQMbigrLAk,400177,97.3
T7ThgDxkBn0,603671,1.9
IeQMbigrLAk,603671,70.7
T7ThgDxkBn0,205133,2.8
dkH2pnlfHLY,501081,19630.0
dkH2pnlfHLY,554952,13838.0
T7ThgDxkBn0,405747,1.2
dkH2pnlfHLY,603602,5929.0
sNSYazCOL8e,508889,50.0
sNSYazCOL8e,405039,50.0
sNSYazCOL8e,552743,31.0
IeQMbigrLAk,201376,106.6
T7ThgDxkBn0,309338,2.0
T7ThgDxkBn0,204670,2.1
sNSYazCOL8e,508827,28.5
sNSYazCOL8e,508182,50.0
dkH2pnlfHLY,501006,15308.0
IeQMbigrLAk,302638,106.4
dkH2pnlfHLY,201574,10420.0
IeQMbigrLAk,308665,30.2
dkH2pnlfHLY,506486,9819.0
IeQMbigrLAk,302918,127.2
IeQMbigrLAk,308990,48.8
dkH2pnlfHLY,307247,14238.0
dkH2pnlfHLY,201972,10545.0
IeQMbigrLAk,100607,115.1
T7ThgDxkBn0,200391,1.4
T7ThgDxkBn0,507605,2.0
sNSYazCOL8e,609047,31.0
T7ThgDxkBn0,100921,1.9
T7ThgDxkBn0,307283,2.3
T7ThgDxkBn0,552760,2.3
dkH2pnlfHLY,503874,13059.0
sNSYazCOL8e,202256,31.0
sNSYazCOL8e,557345,50.0
IeQMbigrLAk,201533,100.9
IeQMbigrLAk,204661,41.9
T7ThgDxkBn0,308207,4.1
dkH2pnlfHLY,200304,5193.0
IeQMbigrLAk,552717,51.2
T7ThgDxkBn0,508131,2.5
T7ThgDxkBn0,302614,2.5
sNSYazCOL8e,554918,32.6
sNSYazCOL8e,405760,31.0
sNSYazCOL8e,307256,54.2
sNSYazCOL8e,507619,43.2
IeQMbigrLAk,107855,72.1
sNSYazCOL8e,308967,50.0
T7ThgDxkBn0,506915,1.9
IeQMbigrLAk,408725,76.2
sNSYazCOL8e,401855,31.0
T7ThgDxkBn0,501067,2.6
sNSYazCOL8e,506944,50.0
IeQMbigrLAk,208458,49.3
T7ThgDxkBn0,404764,3.8
T7ThgDxkBn0,303958,3.7
sNSYazCOL8e,202294,31.0
IeQMbigrLAk,404730,76.1
T7ThgDxkBn0,603626,1.1
IeQMbigrLAk,201927,94.1
IeQMbigrLAk,506941,74.4
dkH2pnlfHLY,303332,12894.0
dkH2pnlfHLY,307204,8197.0
T7ThgDxkBn0,201349,3.0
dkH2pnlfHLY,506403,8916.0
dkH2pnlfHLY,207547,5320.0
IeQMbigrLAk,304892,76.9
IeQMbigrLAk,404414,98.8
sNSYazCOL8e,558503,48.4
IeQMbigrLAk,305924,82.9
T7ThgDxkBn0,405071,2.4
sNSYazCOL8e,506479,45.4
dkH2pnlfHLY,506469,9137.0
IeQMbigrLAk,302662,117.4
IeQMbigrLAk,201204,86.5
IeQMbigrLAk,306123,85.1
IeQMbigrLAk,508110,101.2
IeQMbigrLAk,609127,62.2
T7ThgDxkBn0,508850,3.9
sNSYazCOL8e,100447,50.0
IeQMbigrLAk,404794,115.2
T7ThgDxkBn0,553267,1.7
dkH2pnlfHLY,609033,14059.0
IeQMbigrLAk,201379,84.4
dkH2pnlfHLY,303929,9242.0
T7ThgDxkBn0,501040,4.8
IeQMbigrLAk,308694,90.6
IeQMbigrLAk,603605,79.9
T7ThgDxkBn0,507037,1.3
dkH2pnlfHLY,305682,10292.0
dkH2pnlfHLY,204667,5685.0
IeQMbigrLAk,203025,68.4
dkH2pnlfHLY,201931,14166.0
dkH2pnlfHLY,201954,10715.0
sNSYazCOL8e,201967,31.0
dkH2pnlfHLY,400173,16223.0
T7ThgDxkBn0,201940,2.9
IeQMbigrLAk,557725,66.4
sNSYazCOL8e,552730,30.9
T7ThgDxkBn0,400156,2.1
dkH2pnlfHLY,308625,8389.0
IeQMbigrLAk,507639,112.6
sNSYazCOL8e,309328,171.5
T7ThgDxkBn0,406528,3.2
dkH2pnlfHLY,203051,15333.0
IeQMbigrLAk,506909,79.6
sNSYazCOL8e,501006,50.0
dkH2pnlfHLY,557725,12093.0
dkH2pnlfHLY,302921,7696.0
T7ThgDxkBn0,554979,0.98
T7ThgDxkBn0,204665,2.9
T7ThgDxkBn0,400114,3.0
T7ThgDxkBn0,107947,3.7
sNSYazCOL8e,107990,10.4
dkH2pnlfHLY,107838,18919.0
T7ThgDxkBn0,201918,1.9
sNSYazCOL8e,201376,50.0
IeQMbigrLAk,203041,82.4
sNSYazCOL8e,205158,50.0
sNSYazCOL8e,302921,50.1
sNSYazCOL8e,201931,50.0
T7ThgDxkBn0,558573,2.9
T7ThgDxkBn0,557704,2.4
sNSYazCOL8e,558592,31.0
T7ThgDxkBn0,508894,2.6
sNSYazCOL8e,201954,50.0
T7ThgDxkBn0,404775,2.8
IeQMbigrLAk,306124,98.6
T7ThgDxkBn0,309376,2.9
dkH2pnlfHLY,100607,13854.0
IeQMbigrLAk,306876,120.3
T7ThgDxkBn0,609086,49.5
dkH2pnlfHLY,100929,18193.0
IeQMbigrLAk,609131,1.2
T7ThgDxkBn0,107857,3.0
T7ThgDxkBn0,558558,2.1
IeQMbigrLAk,508867,80.1
IeQMbigrLAk,200304,45.9
sNSYazCOL8e,303915,52.5
dkH2pnlfHLY,201347,8535.0
dkH2pnlfHLY,558558,17928.0
sNSYazCOL8e,308625,31.0
T7ThgDxkBn0,508827,0.0
IeQMbigrLAk,501033,73.0
sNSYazCOL8e,100669,50.0
IeQMbigrLAk,404123,85.4
IeQMbigrLAk,307204,53.6
sNSYazCOL8e,554909,45.8
sNSYazCOL8e,557315,50.0
sNSYazCOL8e,603668,31.0
dkH2pnlfHLY,304892,14045.0
T7ThgDxkBn0,406552,2.7
T7ThgDxkBn0,400160,103.5
dkH2pnlfHLY,609086,5673.0
sNSYazCOL8e,305994,50.0
IeQMbigrLAk,506469,50.1
dkH2pnlfHLY,107947,9512.0
T7ThgDxkBn0,408790,1163.4
IeQMbigrLAk,304833,56.5
sNSYazCOL8e,552777,50.0
T7ThgDxkBn0,552710,1.7
IeQMbigrLAk,506403,48.9
dkH2pnlfHLY,558576,17888.0
dkH2pnlfHLY,30-72-18,14962.0
sNSYazCOL8e,204667,9.2
dkH2pnlfHLY,201918,8039.0
T7ThgDxkBn0,405094,43.7
dkH2pnlfHLY,506944,19870.0
T7ThgDxkBn0,557312,2.4
sNSYazCOL8e,506403,50.0
IeQMbigrLAk,603611,110.3
dkH2pnlfHLY,306863,7656.0
sNSYazCOL8e,404161,50.0
sNSYazCOL8e,307204,52.6
dkH2pnlfHLY,404109,15330.0
IeQMbigrLAk,404109,86.4
T7ThgDxkBn0,306116,2.5
sNSYazCOL8e,306807,31.0
sNSYazCOL8e,307240,50.0
dkH2pnlfHLY,603611,11524.0
sNSYazCOL8e,104273,50.0
T7ThgDxkBn0,306863,2.8
IeQMbigrLAk,507633,115.0
T7ThgDxkBn0,309385,1.7
T7ThgDxkBn0,302984,3.0
T7ThgDxkBn0,508844,2.8
sNSYazCOL8e,304806,40.6
IeQMbigrLAk,609135,91.1
T7ThgDxkBn0,400134,2.1
T7ThgDxkBn0,200389,3.1
IeQMbigrLAk,609023,70.7
dkH2pnlfHLY,609135,10358.0
dkH2pnlfHLY,306116,15566.0
T7ThgDxkBn0,208425,2.2
dkH2pnlfHLY,507633,20970.0
T7ThgDxkBn0,201347,65.3
sNSYazCOL8e,201537,50.0
dkH2pnlfHLY,309328,16710.0
sNSYazCOL8e,309325,8.4
sNSYazCOL8e,501085,31.0
IeQMbigrLAk,557790,59.7
IeQMbigrLAk,553291,68.4
IeQMbigrLAk,307209,63.9
sNSYazCOL8e,200304,30.9
dkH2pnlfHLY,201345,10057.0
IeQMbigrLAk,201345,88.7
dkH2pnlfHLY,603626,8216.0
IeQMbigrLAk,306852,60.2
dkH2pnlfHLY,553291,12414.0
IeQMbigrLAk,304811,83.6
IeQMbigrLAk,306172,105.0
dkH2pnlfHLY,306852,10031.0
IeQMbigrLAk,508811,119.7
dkH2pnlfHLY,554909,11621.0
dkH2pnlfHLY,201967,0.0
T7ThgDxkBn0,202245,1.2
dkH2pnlfHLY,404764,13987.0
T7ThgDxkBn0,508172,2.6
sNSYazCOL8e,307247,50.0
T7ThgDxkBn0,201586,2.1
sNSYazCOL8e,207583,50.0
sNSYazCOL8e,305670,50.0
IeQMbigrLAk,200351,62.3
T7ThgDxkBn0,555239,2.3
sNSYazCOL8e,404442,50.0
T7ThgDxkBn0,558576,2.1
T7ThgDxkBn0,553282,2.1
dkH2pnlfHLY,554918,5940.0
T7ThgDxkBn0,609092,3.1
sNSYazCOL8e,555202,39.0
sNSYazCOL8e,303558,50.0
T7ThgDxkBn0,400138,4.6
sNSYazCOL8e,506485,50.0
dkH2pnlfHLY,308665,5228.0
T7ThgDxkBn0,208429,2.3
sNSYazCOL8e,100636,50.0
dkH2pnlfHLY,308207,18177.0
sNSYazCOL8e,506469,50.0
sNSYazCOL8e,603671,50.0
T7ThgDxkBn0,207547,3.2
sNSYazCOL8e,400173,50.0
dkH2pnlfHLY,308967,15324.0
T7ThgDxkBn0,507056,1.8
sNSYazCOL8e,308273,50.0
sNSYazCOL8e,506475,50.0
dkH2pnlfHLY,506479,8800.0
dkH2pnlfHLY,303558,21430.0
dkH2pnlfHLY,204670,5099.0
sNSYazCOL8e,305622,31.0
dkH2pnlfHLY,558503,16724.0
IeQMbigrLAk,609029,67.9
T7ThgDxkBn0,207536,2.0
IeQMbigrLAk,308614,125.7
T7ThgDxkBn0,306194,1.7
T7ThgDxkBn0,303334,3.4
dkH2pnlfHLY,552730,9918.0
IeQMbigrLAk,302618,122.2
sNSYazCOL8e,404753,50.0
T7ThgDxkBn0,603602,2.0
sNSYazCOL8e,202266,28.4
IeQMbigrLAk,555233,75.0
sNSYazCOL8e,308229,56.0
dkH2pnlfHLY,405566,12364.0
IeQMbigrLAk,306165,96.2
sNSYazCOL8e,304892,50.0
T7ThgDxkBn0,303929,2.1
dkH2pnlfHLY,406528,14463.0
IeQMbigrLAk,506450,61.7
T7ThgDxkBn0,554908,2.9
T7ThgDxkBn0,506447,2.2
T7ThgDxkBn0,305487,3.0
T7ThgDxkBn0,201987,2.1
dkH2pnlfHLY,100662,11629.0
T7ThgDxkBn0,307238,14.2
IeQMbigrLAk,558592,89.0
sNSYazCOL8e,557734,52.6
T7ThgDxkBn0,107838,3.0
T7ThgDxkBn0,107866,2.4
T7ThgDxkBn0,205173,2.6
dkH2pnlfHLY,100921,17240.0
IeQMbigrLAk,305480,112.2
sNSYazCOL8e,408725,50.0
IeQMbigrLAk,305944,53.2
dkH2pnlfHLY,304842,12805.0
dkH2pnlfHLY,557345,12629.0
IeQMbigrLAk,603668,40.2
dkH2pnlfHLY,557315,14454.0
IeQMbigrLAk,304876,76.9
dkH2pnlfHLY,404442,20347.0
sNSYazCOL8e,404471,50.0
T7ThgDxkBn0,306122,2.2
dkH2pnlfHLY,202294,21261.0
sNSYazCOL8e,506406,50.0
dkH2pnlfHLY,207521,19962.0
dkH2pnlfHLY,404794,19159.0
IeQMbigrLAk,507619,94.6
IeQMbigrLAk,205165,162.0
IeQMbigrLAk,401831,70.2
dkH2pnlfHLY,308636,11299.0
IeQMbigrLAk,306864,82.0
dkH2pnlfHLY,404414,18008.0
T7ThgDxkBn0,306113,3.0
IeQMbigrLAk,501094,88.5
T7ThgDxkBn0,506991,1.9
dkH2pnlfHLY,308937,8808.0
sNSYazCOL8e,503813,50.0
dkH2pnlfHLY,104284,17928.0
IeQMbigrLAk,100409,70.8
dkH2pnlfHLY,609047,13468.0
sNSYazCOL8e,100607,46.3
IeQMbigrLAk,309325,0.0
dkH2pnlfHLY,201504,21138.0
IeQMbigrLAk,401855,128.9
T7ThgDxkBn0,303543,26.8
IeQMbigrLAk,303336,142.0
IeQMbigrLAk,552769,86.1
dkH2pnlfHLY,308694,6385.0
IeQMbigrLAk,552743,99.9
dkH2pnlfHLY,205158,14694.0
T7ThgDxkBn0,306120,2.6
sNSYazCOL8e,100965,31.0
dkH2pnlfHLY,507639,20038.0
sNSYazCOL8e,208478,10.0
T7ThgDxkBn0,609159,1.4
T7ThgDxkBn0,609033,2.2
T7ThgDxkBn0,557385,0.0
sNSYazCOL8e,100694,50.0
T7ThgDxkBn0,201936,60.4
dkH2pnlfHLY,207583,10341.0
sNSYazCOL8e,208475,8.3
T7ThgDxkBn0,559408,2.3
dkH2pnlfHLY,306807,10803.0
T7ThgDxkBn0,405585,3.0
dkH2pnlfHLY,405760,12327.0
dkH2pnlfHLY,100603,5633.0
T7ThgDxkBn0,303591,2.5
sNSYazCOL8e,609153,31.0
T7ThgDxkBn0,040706,2.1
sNSYazCOL8e,308937,33.6
sNSYazCOL8e,203051,50.0
sNSYazCOL8e,609138,50.0
IeQMbigrLAk,508112,87.6
IeQMbigrLAk,201508,97.9
sNSYazCOL8e,404414,50.0
IeQMbigrLAk,404111,175.3
T7ThgDxkBn0,303386,2.1
IeQMbigrLAk,508889,57.0
T7ThgDxkBn0,559486,2.3
sNSYazCOL8e,401807,31.0
sNSYazCOL8e,400177,50.1
sNSYazCOL8e,508194,50.0
dkH2pnlfHLY,503813,15088.0
IeQMbigrLAk,503874,71.2
T7ThgDxkBn0,553288,2.5
IeQMbigrLAk,404740,64.7
IeQMbigrLAk,404433,105.9
sNSYazCOL8e,302638,33.6
IeQMbigrLAk,307256,82.2
IeQMbigrLAk,408743,62.6
IeQMbigrLAk,305610,58.6
sNSYazCOL8e,404712,39.4
sNSYazCOL8e,404730,50.0
T7ThgDxkBn0,558542,9.5
sNSYazCOL8e,554977,50.6
T7ThgDxkBn0,207510,2.0
sNSYazCOL8e,507639,50.0
IeQMbigrLAk,30-26-72,100.9
sNSYazCOL8e,100603,49.3
T7ThgDxkBn0,304827,1.8
dkH2pnlfHLY,303985,18157.0
sNSYazCOL8e,404794,50.0
T7ThgDxkBn0,558527,5.5
sNSYazCOL8e,507088,50.0
T7ThgDxkBn0,305984,3.7
T7ThgDxkBn0,208407,2.3
T7ThgDxkBn0,503858,96.0
T7ThgDxkBn0,201553,1.8
dkH2pnlfHLY,404712,13326.0
sNSYazCOL8e,302956,31.0
sNSYazCOL8e,308694,31.0
dkH2pnlfHLY,201927,10644.0
sNSYazCOL8e,304842,45.8
dkH2pnlfHLY,408725,14047.0
IeQMbigrLAk,201233,13.5
dkH2pnlfHLY,404730,13881.0
T7ThgDxkBn0,609194,1.4
dkH2pnlfHLY,609138,9959.0
T7ThgDxkBn0,202216,2.3
sNSYazCOL8e,309366,905.3
IeQMbigrLAk,100669,92.4
T7ThgDxkBn0,107987,2.2
IeQMbigrLAk,202256,65.9
sNSYazCOL8e,201927,31.0
sNSYazCOL8e,200395,31.0
T7ThgDxkBn0,309347,2.3
dkH2pnlfHLY,302638,12005.0
IeQMbigrLAk,408704,68.9
sNSYazCOL8e,100662,42.8
sNSYazCOL8e,609018,33.6
dkH2pnlfHLY,508194,17097.0
IeQMbigrLAk,207585,75.0
IeQMbigrLAk,552756,76.1
T7ThgDxkBn0,203094,1.8
IeQMbigrLAk,605883,79.9
dkH2pnlfHLY,557734,13156.0
dkH2pnlfHLY,552712,17233.0
dkH2pnlfHLY,302956,12518.0
dkH2pnlfHLY,308970,13651.0
sNSYazCOL8e,304859,40.6
T7ThgDxkBn0,507616,0.94
T7ThgDxkBn0,404190,2.0
dkH2pnlfHLY,200395,4839.0
T7ThgDxkBn0,309319,2.0
sNSYazCOL8e,207507,33.4
IeQMbigrLAk,208436,49.0
dkH2pnlfHLY,603671,12882.0
IeQMbigrLAk,201578,56.1
T7ThgDxkBn0,554952,4.4
IeQMbigrLAk,100447,49.0
T7ThgDxkBn0,506428,3.7
T7ThgDxkBn0,304854,2.0
IeQMbigrLAk,605856,94.2
sNSYazCOL8e,408747,50.0
dkH2pnlfHLY,201376,19552.0
T7ThgDxkBn0,559451,2.3
dkH2pnlfHLY,400177,17664.0
T7ThgDxkBn0,201975,3.7
sNSYazCOL8e,405566,31.0
T7ThgDxkBn0,609108,4.3
IeQMbigrLAk,501081,107.6
IeQMbigrLAk,201574,57.1
T7ThgDxkBn0,100610,6.2
IeQMbigrLAk,501006,83.9
T7ThgDxkBn0,100602,4.1
IeQMbigrLAk,506486,53.8
dkH2pnlfHLY,100636,9097.0
IeQMbigrLAk,603677,84.3
sNSYazCOL8e,507018,52.6
T7ThgDxkBn0,302962,3.1
dkH2pnlfHLY,507088,12018.0
sNSYazCOL8e,557725,50.0
T7ThgDxkBn0,508153,2.1
IeQMbigrLAk,605835,0.0
IeQMbigrLAk,201395,81.7
T7ThgDxkBn0,408786,2.4
dkH2pnlfHLY,554977,15811.0
dkH2pnlfHLY,201909,11346.0
sNSYazCOL8e,104284,50.0
